! Polar data file generated by Polar Chart App
! Format: Wind Speed, followed by pairs of Angle and Boat Speed
! Created: 2025-07-15
6	0	0	24.78	1.97	32.28	2.86	45.2	3.17	56.65	3.19	70.85	3.2	80.78	3.2	89.38	3.23	102.91	3.21	116.56	3.15	124.54	2.89	133.44	2.52	143.3	2.04	156.85	1.49	180	1.01
8	0	0	42	5.31	52	5.88	60	5.9	70	5.95	75	6	80	6	90	6	110	5.75	120	5.5	135	5.1	148	4.74	150	4.64	165	4.15	180	3.85
10	0	0	41.6	6.04	52	6.85	60	7.19	70	7.38	75	7.42	80	7.43	90	7.42	110	6.97	120	6.67	135	6.2	150	5.58	165	4.6	167	4.5	180	4.04
12	0	0	42.4	6.98	52	7.7	60	7.95	70	8.09	75	8.13	80	8.24	90	8.37	110	8.1	120	8.05	135	7.7	150	6.86	165	6	168	5.84	180	5.54
14	0	0	41.4	7.43	52	8.15	60	8.39	70	8.53	75	8.57	80	8.59	90	8.64	110	8.62	120	8.61	135	8.52	150	7.61	165	6.5	168	6.25	180	5.74
16	0	0	40.7	7.56	52	8.29	60	8.51	70	8.7	75	8.75	80	8.78	90	8.85	110	9.05	120	9.1	135	9.1	150	8.3	165	7.35	168	7.2	180	6.61
20	0	0	40.1	7.72	52	8.42	60	8.64	70	8.86	75	8.96	80	9.05	90	9.21	110	9.29	120	9.21	135	9.2	150	8.57	165	7.6	172	7.4	180	6.8
